const vertices = new Float32Array([
    -1.0, -1.0, 1.0,
    1.0, -1.0, 1.0,
    1.0, 1.0, 1.0,
    -1.0, 1.0, 1.0,
    -1.0, -1.0, -1.0,
    -1.0, 1.0, -1.0,
    1.0, 1.0, -1.0,
    1.0, -1.0, -1.0,
    -1.0, 1.0, 1.0,
    1.0, 1.0, 1.0,
    -1.0, 1.0, -1.0,
    1.0, -1.0, -1.0,
    -1.0, -1.0, -1.0,
    1.0, -1.0, 1.0,
    -1.0, 1.0, 1.0,
    -1.0, 1.0, -1.0,
]);

const uvCoords = new Float32Array([
    0.0, 0.0,
    1.0, 0.0,
    1.0, 1.0,
    0.0, 1.0,
    0.0, 0.0,
    1.0, 0.0,
    1.0, 1.0,
    0.0, 1.0,
    0.0, 0.0,
    1.0, 0.0,
    0.0, 1.0,
    1.0, 1.0,
    0.0, 1.0,
    0.0, 0.0,
    1.0, 0.0,
    1.0, 1.0,
]);

const indices = new Uint16Array([
    0, 1, 2,
    0, 2, 3,
    4, 5, 6,
    4, 6, 7,
    8, 9, 6,
    8, 6, 10,
    0, 1, 11,
    0, 11, 12,
    13, 9, 6,
    13, 6, 7,
    0, 14, 15,
    0, 15, 12,
]);